﻿Date,"Cumulative
Cases","Cumulative
Fatalities","Daily
New
Cases","Fatalities
by Date
of Death"
3/4/20,0,0,0,0
3/5/20,0,0,0,0
3/6/20,5,0,5,0
3/7/20,5,0,0,0
3/8/20,5,0,0,0
3/9/20,12,0,7,0
3/10/20,15,0,3,0
3/11/20,18,0,3,0
3/12/20,22,0,4,0
3/13/20,22,0,0,0
3/14/20,22,0,0,0
3/15/20,56,1,34,1
3/16/20,56,2,0,1
3/17/20,63,4,7,2
3/18/20,82,6,19,2
3/19/20,108,6,26,0
3/20/20,175,9,67,3
3/21/20,235,11,60,2
3/22/20,263,12,29,1
3/23/20,287,14,25,2
3/24/20,712,20,425,6
3/25/20,975,26,263,6
3/26/20,"1,394",37,419,11
3/27/20,"1,731",46,337,9
3/28/20,"2,048",58,317,12
3/29/20,"2,552",69,504,11
3/30/20,"2,874",89,322,20
3/31/20,"3,266",101,392,12
4/1/20,"3,996",122,730,21
4/2/20,"4,665",143,669,21
4/3/20,"5,324",163,659,20
4/4/20,"6,112",185,788,22
4/5/20,"6,793",223,681,38
4/6/20,"7,273",248,480,25
4/7/20,"8,261",264,988,16
4/8/20,"9,353",289,"1,092",25
4/9/20,"10,230",322,877,33
4/10/20,"11,671",351,"1,441",29
4/11/20,"12,561",386,890,35
4/12/20,"13,484",420,923,34
4/13/20,"13,906",451,422,31
4/14/20,"14,624",483,718,32
4/15/20,"15,492",519,868,36
4/16/20,"16,455",551,963,32
4/17/20,"17,371",589,916,38
4/18/20,"18,260",618,889,29
4/19/20,"18,923",646,663,28
4/20/20,"19,458",672,535,26
4/21/20,"20,196",713,738,41
4/22/20,"21,069",743,873,30
4/23/20,"21,944",778,875,35
4/24/20,"22,806",811,862,33
4/25/20,"23,773",848,967,37
4/26/20,"24,631",878,858,30
4/27/20,"25,297",903,666,25
4/28/20,"26,171",937,874,34
4/29/20,"27,054",960,883,23
4/30/20,"28,087",991,"1,033",31
5/1/20,"29,229","1,034","1,142",43
5/2/20,"30,522","1,068","1,293",34
5/3/20,"31,548","1,103","1,026",35
5/4/20,"32,332","1,134",784,31
5/5/20,"33,369","1,164","1,037",30
5/6/20,"34,422","1,196","1,053",32
5/7/20,"35,390","1,231",968,35
5/8/20,"36,609","1,264","1,219",33
5/9/20,"37,860","1,291","1,251",27
5/10/20,"38,869","1,318","1,009",27
5/11/20,"39,869","1,352","1,000",34
5/12/20,"41,048","1,385","1,179",33
5/13/20,"42,403","1,426","1,355",41
5/14/20,"43,851","1,458","1,448",32
5/15/20,"45,198","1,498","1,347",40
5/16/20,"46,999","1,529","1,801",31
5/17/20,"47,784","1,554",785,25
5/18/20,"48,693","1,576",909,22
5/19/20,"49,912","1,604","1,219",28
5/20/20,"51,323","1,625","1,411",21
5/21/20,"52,268","1,649",945,24
5/22/20,"53,449","1,679","1,181",30
5/23/20,"54,509","1,695","1,060",16
5/24/20,"55,348","1,727",839,32
5/25/20,"55,971","1,758",623,31
5/26/20,"56,560","1,778",589,20
5/27/20,"57,921","1,801","1,361",23
5/28/20,"59,776","1,832","1,855",31
5/29/20,"61,006","1,868","1,230",36
5/30/20,"62,338","1,900","1,332",32
5/31/20,"64,287","1,914","1,949",14
6/1/20,"64,880","1,934",593,20
6/2/20,"66,568","1,962","1,688",28
6/3/20,"68,271","1,994","1,703",32
6/4/20,"69,920","2,015","1,649",21
6/5/20,"71,613","2,039","1,693",24
6/6/20,"73,553","2,072","1,940",33
6/7/20,"74,978","2,090","1,425",18
6/8/20,"75,616","2,120",638,30
6/9/20,"77,253","2,154","1,637",34
6/10/20,"79,757","2,178","2,504",24
6/11/20,"81,583","2,208","1,826",30
6/12/20,"83,680","2,241","2,097",33
6/13/20,"86,011","2,280","2,331",39
6/14/20,"87,854","2,322","1,843",42
6/15/20,"89,108","2,353","1,254",31
6/16/20,"93,206","2,400","2,622",47
6/17/20,"96,335","2,439","3,129",39
6/18/20,"99,851","2,479","3,516",40
6/19/20,"103,305","2,524","3,454",45
6/20/20,"107,735","2,569","4,430",45
6/21/20,"111,601","2,607","3,866",38
6/22/20,"114,881","2,651","3,280",44
6/23/20,"120,370","2,691","5,489",40
6/24/20,"125,921","2,758","5,551",67
6/25/20,"131,917","2,823","5,996",65
6/26/20,"137,624","2,895","5,707",72
6/27/20,"143,366","2,978","5,742",83
6/28/20,"148,723","3,067","5,357",89
6/29/20,"153,011","3,157","4,288",90
6/30/20,"159,986","3,253","6,975",96
7/1/20,"168,062","3,352","8,076",99
7/2/20,"175,977","3,474","7,915",122
7/3/20,"183,532","3,608","7,555",134
7/4/20,"191,790","3,754","8,258",146
7/5/20,"195,239","3,886","3,449",132
7/6/20,"200,557","4,034","5,318",148
7/7/20,"210,585","4,197","10,028",163
7/8/20,"220,564","4,398","9,979",201
7/9/20,"230,346","4,569","9,782",171
7/10/20,"240,111","4,770","9,765",201
7/11/20,"250,462","4,972","10,351",202
7/12/20,"258,658","5,195","8,196",223
7/13/20,"264,313","5,433","5,655",238
7/14/20,"271,574","5,684","10,745",251
7/15/20,"282,365","5,938","10,791",254
7/16/20,"292,656","6,189","10,291",251
7/17/20,"307,572","6,429","10,256",240
7/18/20,"317,730","6,644","10,158",215
7/19/20,"325,030","6,886","7,300",242
7/20/20,"332,434","7,139","7,404",253
7/21/20,"341,739","7,396","9,305",257
7/22/20,"351,618","7,666","9,879",270
7/23/20,"361,125","7,944","9,507",278
7/24/20,"369,826","8,200","8,701",256
7/25/20,"375,846","8,456","8,112",256
7/26/20,"381,656","8,678","5,810",222
7/27/20,"385,923","8,916","4,267",238
7/28/20,"394,265","9,181","8,342",265
7/29/20,"403,307","9,409","9,042",228
7/30/20,"412,107","9,675","8,800",266
7/31/20,"420,946","9,907","8,839",232
8/1/20,"430,485","10,114","9,539",207
8/2/20,"436,711","10,306","6,226",192
8/3/20,"442,014","10,506","5,839",200
8/4/20,"451,181","10,700","9,167",194
8/5/20,"459,887","10,913","8,706",213
8/6/20,"467,485","11,142","7,598",229
8/7/20,"474,524","11,350","7,039",208
8/8/20,"481,483","11,527","6,959",177
8/9/20,"486,362","11,714","4,879",187
8/10/20,"490,817","11,904","4,455",190
8/11/20,"500,620","12,113","8,913",209
8/12/20,"506,820","12,296","6,200",183
8/13/20,"513,575","12,499","6,755",203
8/14/20,"520,593","12,663","7,018",164
8/15/20,"528,838","12,826","8,245",163
8/16/20,"535,042","12,959","6,094",133
8/17/20,"542,950","13,093","2,713",134
8/18/20,"550,232","13,239","7,282",146
8/19/20,"557,256","13,391","6,474",152
8/20/20,"562,559","13,531","4,923",140
8/21/20,"567,580","13,653","4,651",122
8/22/20,"573,139","13,758","4,943",105
8/23/20,"577,537","13,866","3,493",108
8/24/20,"580,384","13,984","2,754",118
8/25/20,"586,730","14,095","6,091",111
8/26/20,"592,137","14,196","5,313",101
8/27/20,"597,737","14,318","5,059",122
8/28/20,"601,768","14,432","3,972",114
8/29/20,"606,530","14,520","4,732",88
8/30/20,"610,354","14,614","3,759",94
8/31/20,"612,969","14,699","2,374",85
9/1/20,"617,333","14,808","4,116",109
9/2/20,"621,667","14,890","4,157",82
9/3/20,"625,347","14,982","3,899",92
9/4/20,"630,829","15,077","4,215",95
9/5/20,"635,315","15,143","4,456",66
9/6/20,"638,310","15,227","2,800",84
9/7/20,"640,370","15,295","2,057",68
9/8/20,"641,791","15,368","1,416",73
9/9/20,"645,791","15,452","4,285",84
9/10/20,"649,809","15,524","3,852",72
9/11/20,"653,356","15,600","3,488",76
9/12/20,"657,589","15,667","3,905",67
9/13/20,"659,434","15,735","1,840",68
9/14/20,"663,404","15,797","2,554",62
9/15/20,"668,746","15,866","4,816",69
9/16/20,"674,772","15,945","3,409",79
9/17/20,"678,819","16,003","3,518",58
9/18/20,"682,241","16,065","3,978",62
9/19/20,"686,068","16,131","3,433",66
9/20/20,"688,534","16,203","2,241",72
9/21/20,"698,387","16,276","1,742",73
9/22/20,"716,207","16,333","3,964",57
9/23/20,"719,599","16,394","2,977",61
9/24/20,"723,919","16,468","3,840",74
9/25/20,"728,552","16,536","3,306",68
9/26/20,"733,438","16,601","3,283",65
9/27/20,"735,132","16,637","1,292",36
9/28/20,"739,222","16,681","1,397",44
9/29/20,"743,284","16,734","3,812",53
9/30/20,"748,967","16,796","5,335",62
10/1/20,"752,501","16,857","3,234",61
10/2/20,"756,004","16,913","2,729",56
10/3/20,"763,010","16,971","3,346",58
10/4/20,"765,894","17,030","2,181",59
10/5/20,"769,303","17,109","2,192",79
10/6/20,"773,435","17,165","3,872",56
10/7/20,"777,556","17,220","3,776",55
10/8/20,"781,794","17,280","3,786",60
10/9/20,"785,830","17,342","3,650",62
10/10/20,"790,060","17,409","4,046",67
10/11/20,"792,478","17,456","2,262",47
10/12/20,"795,126","17,525","2,384",69
10/13/20,"800,256","17,595","5,050",70
10/14/20,"805,082","17,666","4,564",71
10/15/20,"809,808","17,743","4,615",77
10/16/20,"815,678","17,812","5,682",69
10/17/20,"820,563","17,888","4,581",76
10/18/20,"823,779","17,962","3,048",74
10/19/20,"825,673","18,047","2,273",85
10/20/20,"833,557","18,119","4,856",72
10/21/20,"838,809","18,207","4,991",88
10/22/20,"845,100","18,288","5,917",81
10/23/20,"851,572","18,371","5,760",83
10/24/20,"858,071","18,463","6,125",92
10/25/20,"862,375","18,535","3,793",72
10/26/20,"867,075","18,639","4,418",104
10/27/20,"874,367","18,748","7,055",109
10/28/20,"879,994","18,855","5,175",107
10/29/20,"886,820","18,966","6,430",111
10/30/20,"893,451","19,079","5,933",113
10/31/20,"900,596","19,174","6,845",95
11/1/20,"904,855","19,276","4,111",102
11/2/20,"910,038","19,382","4,763",106
11/3/20,"918,336","19,495","7,997",113
11/4/20,"926,400","19,598","7,485",103
11/5/20,"934,994","19,717","8,332",119
11/6/20,"942,539","19,824","7,221",107
11/7/20,"950,549","19,895","7,677",71
11/8/20,"956,234","19,986","5,404",91
11/9/20,"963,019","20,095","3,816",109
11/10/20,"973,970","20,190","10,605",95
11/11/20,"985,380","20,295","10,097",105
11/12/20,"993,841","20,372","5,756",77
11/13/20,"1,004,983","20,459","10,542",87
11/14/20,"1,014,160","20,521","8,864",62
11/15/20,"1,020,721","20,584","6,390",63
11/16/20,"1,027,889","20,643","6,858",59
11/17/20,"1,039,511","20,694","10,823",51
11/18/20,"1,048,383","20,725","8,489",31
11/19/20,"1,060,686","20,738","12,256",13
11/20/20,"1,072,698","20,745","11,738",7
11/21/20,"1,085,524","20,749","12,597",4
11/22/20,"1,094,275","20,749","8,554",0
11/23/20,"1,100,979","20,750","6,576",1